[1, 1, 0, 1, 0, 0, 0, 1, 0, 0]
[1, 1, 0, 0, 1, 1, 0, 1, 1, 1]
[0, 1, 1, 0, 1, 1, 1, 1, 0, 0]
[0, 1, 0, 1, 0, 1, 1, 0, 0, 1]

Порождающая -> Проверочная

R = 0.4
Min distance = 5
[1, 0, 0, 0, 0, 1, 1, 1, 0, 1]
[0, 1, 0, 0, 1, 0, 1, 0, 1, 0]
[0, 0, 1, 0, 0, 1, 0, 1, 1, 0]
[0, 0, 0, 1, 1, 1, 0, 0, 1, 1]

R = 0.6
Min distance = 3
[0, 1, 0, 1, 1, 0, 0, 0, 0, 0]
[1, 0, 1, 1, 0, 1, 0, 0, 0, 0]
[1, 1, 0, 0, 0, 0, 1, 0, 0, 0]
[1, 0, 1, 0, 0, 0, 0, 1, 0, 0]
[0, 1, 1, 1, 0, 0, 0, 0, 1, 0]
[1, 0, 0, 1, 0, 0, 0, 0, 0, 1]


Проверочная -> Порождающая
R = 0.4
Min distance = 4
[1, 0, 1, 1, 1, 1, 1, 0, 0, 0]
[1, 1, 0, 1, 0, 0, 0, 1, 0, 0]
[1, 1, 1, 1, 0, 1, 0, 0, 1, 0]
[1, 1, 1, 0, 1, 0, 0, 0, 0, 1]

R = 0.6
Min distance = 3
[1, 0, 0, 0, 0, 0, 1, 1, 1, 1]
[0, 1, 0, 0, 0, 0, 0, 1, 1, 1]
[0, 0, 1, 0, 0, 0, 1, 0, 1, 1]
[0, 0, 0, 1, 0, 0, 1, 1, 1, 0]
[0, 0, 0, 0, 1, 0, 1, 0, 0, 1]
[0, 0, 0, 0, 0, 1, 1, 0, 1, 0]